半年再平衡
    ratio       pnl
0    0.10  1.492981
1    0.15  1.488414
2    0.20  1.482773
3    0.25  1.476075
4    0.30  1.468338
5    0.35  1.459579
6    0.40  1.449820
7    0.45  1.439081
8    0.50  1.427386
9    0.55  1.414759
10   0.60  1.401225
11   0.65  1.386811
12   0.70  1.371543
13   0.75  1.355450
14   0.80  1.338562
15   0.85  1.320908
16   0.90  1.302520
17   0.95  1.283429

一直持有 不平衡
    ratio       pnl
0    0.10  1.475321
1    0.15  1.463563
2    0.20  1.451804
3    0.25  1.440045
4    0.30  1.428287
5    0.35  1.416528
6    0.40  1.404770
7    0.45  1.393011
8    0.50  1.381253
9    0.55  1.369494
10   0.60  1.357735
11   0.65  1.345977
12   0.70  1.334218
13   0.75  1.322460
14   0.80  1.310701
15   0.85  1.298943
16   0.90  1.287184
17   0.95  1.275425

## 110011 易方达中小盘混合 和 国债
1. 2 8持有
get_max_drawdown(result)
Out[11]: 0.07975730929357293

get_annual_return(result)
Out[12]: 0.10049847538302381

get_mar(result)
Out[13]: 1.2600534831623547

2. 2 8持有 一年调一次仓位
get_max_drawdown(result)
Out[16]: 0.07060721771324663

get_annual_return(result)
Out[17]: 0.08409121548320986

get_mar(result)
Out[18]: 1.1909719460229276


